65
16
15
4
4
54
98
2
9
29
30
5
74
13
29
26
68
31
29
51
46
21
10
70
95
57
16
9
81
1
28
12
88
25
43
67
78
82
5
34
36
80
24
91
89
35
54
35
33
79
82
51
93
47
74
80
45
98
53
37
62
21
75
40
77
21
89
43
27
73
92
96
71
14
34
75
41
25
72
3
64
60
7
24
67
61
42
28
42
83
30
67
96
7
18
95
60
10
86
71
64
51
47
83
81
88
29
10
62
12
23
39
29
59
2
62
11
86
61
57
48
24
4
92
30
37
44
81
81
25
33
32
31
40
45
56
20
37
84
26
16
60
37
78
80
52
8
71
39
17
40
39
38
17
70
47
14
64
27
99
96
14
11
21
5
40
22
66
19
23
48
1
68
72
99
85
82
31
4
1
90
87
42
6
36
49
66
48
59
72
99
44
49
45
67
42
94
82
71
93
62
88
80
55
12
18
55
51
85
40
79
79
40
96
88
23
82
57
1
55
77
85
17
5
61
41
63
47
7
36
44
81
77
97
9
86
10
40
41
64
18
78
96
78
61
15
89
77
33
34
93
41
12
63
29
32
38
79
28
97
82
8
44
67
49
70
7
72
20
15
81
36
30
66
56
17
93
86
82
21
91
89
2
53
8
33
2
39
2
19
36
99
93
7
4
82
36
43
53
37
72
91
90
48
47
72
34
88
8
51
59
33
45
21
60
88
73
97
69
34
55
9
35
37
74
12
80
87
51
8
99
11
20
52
76
35
51
24
51
35
10
27
71
87
31
81
37
49
15
21
45
15
83
53
76
8
31
73
82
36
54
72
7
40
58
17
4
97
64
66
95
43
67
94
59
55
66
36
84
88
6
10
7
16
20
3
24
18
99
72
49
79
90
37
42
16
41
11
62
94
32
61
65
39
15
76
86
63
84
47
87
33
86
75
22
61
84
66
47
90
46
66
71
96
81
49
47
69
88
26
61
51
78
94
2
67
87
93
77
5
3
90
75
93
60
26
15
68
74
39
52
49
71
47
69
89
69
81
36
81
57
26
70
16
10
37
49
80
17
72
43
69
85
93
15
83
30
77
34
87
38
34
23
41
8
43
82
60
77
20
65
43
99
43
84
35
15
46
27
965
16
15
4
4
54
98
2
9
29
30
5
74
13
29
26
68
31
29
51
46
21
10
70
95
57
16
9
81
1
28
12
88
25
43
67
78
82
5
34
36
80
24
91
89
35
54
35
33
79
82
51
93
47
74
80
45
98
53
37
62
21
75
40
77
21
89
43
27
73
92
96
71
14
34
75
41
25
72
3
64
60
7
24
67
61
42
28
42
83
30
67
96
7
18
95
60
10
86
71
64
51
47
83
81
88
29
10
62
12
23
39
29
59
2
62
11
86
61
57
48
24
4
92
30
37
44
81
81
25
33
32
31
40
45
56
20
37
84
26
16
60
37
78
80
52
8
71
39
17
40
39
38
17
70
47
14
64
27
99
96
14
11
21
5
40
22
66
19
23
48
1
68
72
99
85
82
31
4
1
90
87
42
6
36
49
66
48
59
72
99
44
49
45
67
42
94
82
71
93
62
88
80
55
12
18
55
51
85
40
79
79
40
96
88
23
82
57
1
55
77
85
17
5
61
41
63
47
7
36
44
81
77
97
9
86
10
40
41
64
18
78
96
78
61
15
89
77
33
34
93
41
12
63
29
32
38
79
28
97
82
8
44
67
49
70
7
72
20
15
81
36
30
66
56
17
93
86
82
21
91
89
2
53
8
33
2
39
2
19
36
99
93
7
4
82
36
43
53
37
72
91
90
48
47
72
34
88
8
51
59
33
45
21
60
88
73
97
69
34
55
9
35
37
74
12
80
87
51
8
99
11
20
52
76
35
51
24
51
35
10
27
71
87
31
81
37
49
15
21
45
15
83
53
76
8
31
73
82
36
54
72
7
40
58
17
4
97
64
66
95
43
67
94
59
55
66
36
84
88
6
10
7
16
20
3
24
18
99
72
49
79
90
37
42
16
41
11
62
94
32
61
65
39
15
76
86
63
84
47
87
33
86
75
22
61
84
66
47
90
46
66
71
96
81
49
47
69
88
26
61
51
78
94
2
67
87
93
77
5
3
90
75
93
60
26
15
68
74
39
52
49
71
47
69
89
69
81
36
81
57
26
70
16
10
37
49
80
17
72
43
69
85
93
15
83
30
77
34
87
38
34
23
41
8
43
82
60
77
20
65
43
99
43
84
35
15
46
27
9


